{
 "cells": [
  {
   "cell_type": "markdown",
   "metadata": {},
   "source": [
    "# CASE 1: sub_tint = None, meas_noise = 0%, matrix_noise = 1%"
   ]
  },
  {
   "cell_type": "code",
   "execution_count": 2,
   "metadata": {},
   "outputs": [
    {
     "name": "stdout",
     "output_type": "stream",
     "text": [
      "single_difference_matrix  [[ 1.01109326e+00  2.42616658e-03  2.00744530e-02  5.96189957e-03]\n",
      " [ 9.22277847e-04 -9.49746585e-01  1.57905301e-01  4.34661099e-02]\n",
      " [ 0.00000000e+00  0.00000000e+00  0.00000000e+00  0.00000000e+00]\n",
      " [ 0.00000000e+00  0.00000000e+00  0.00000000e+00  0.00000000e+00]]\n",
      "single_sum_matrix  [[ 1.01109326e+00  2.42616658e-03  2.00744530e-02  5.96189957e-03]\n",
      " [ 9.22277847e-04 -9.49746585e-01  1.57905301e-01  4.34661099e-02]\n",
      " [ 0.00000000e+00  0.00000000e+00  0.00000000e+00  0.00000000e+00]\n",
      " [ 0.00000000e+00  0.00000000e+00  0.00000000e+00  0.00000000e+00]]\n",
      "single_difference_matrix  [[ 1.01108399  0.00155379 -0.01968297 -0.00602096]\n",
      " [ 0.00468932  0.94811101 -0.14033874 -0.1003417 ]\n",
      " [ 0.          0.          0.          0.        ]\n",
      " [ 0.          0.          0.          0.        ]]\n",
      "single_sum_matrix  [[ 1.01108399  0.00155379 -0.01968297 -0.00602096]\n",
      " [ 0.00468932  0.94811101 -0.14033874 -0.1003417 ]\n",
      " [ 0.          0.          0.          0.        ]\n",
      " [ 0.          0.          0.          0.        ]]\n",
      "single_difference_matrix  [[ 1.01104776e+00 -1.83281801e-02  5.39943851e-04  6.49674029e-04]\n",
      " [ 2.31534400e-03 -1.57189323e-01 -9.20174093e-01 -3.04574738e-01]\n",
      " [ 0.00000000e+00  0.00000000e+00  0.00000000e+00  0.00000000e+00]\n",
      " [ 0.00000000e+00  0.00000000e+00  0.00000000e+00  0.00000000e+00]]\n",
      "single_sum_matrix  [[ 1.01104776e+00 -1.83281801e-02  5.39943851e-04  6.49674029e-04]\n",
      " [ 2.31534400e-03 -1.57189323e-01 -9.20174093e-01 -3.04574738e-01]\n",
      " [ 0.00000000e+00  0.00000000e+00  0.00000000e+00  0.00000000e+00]\n",
      " [ 0.00000000e+00  0.00000000e+00  0.00000000e+00  0.00000000e+00]]\n",
      "single_difference_matrix  [[ 1.01112949e+00  2.23081346e-02 -1.48456800e-04 -7.08729596e-04]\n",
      " [ 3.29625187e-03  1.55553748e-01  9.37740658e-01  2.47699146e-01]\n",
      " [ 0.00000000e+00  0.00000000e+00  0.00000000e+00  0.00000000e+00]\n",
      " [ 0.00000000e+00  0.00000000e+00  0.00000000e+00  0.00000000e+00]]\n",
      "single_sum_matrix  [[ 1.01112949e+00  2.23081346e-02 -1.48456800e-04 -7.08729596e-04]\n",
      " [ 3.29625187e-03  1.55553748e-01  9.37740658e-01  2.47699146e-01]\n",
      " [ 0.00000000e+00  0.00000000e+00  0.00000000e+00  0.00000000e+00]\n",
      " [ 0.00000000e+00  0.00000000e+00  0.00000000e+00  0.00000000e+00]]\n",
      "single_difference_matrix  [[ 9.71380957e-01  2.43399877e-03  1.94053423e-02  5.79924836e-03]\n",
      " [ 9.33782538e-04 -9.28633322e-01  1.56823867e-01  4.33023154e-02]\n",
      " [ 0.00000000e+00  0.00000000e+00  0.00000000e+00  0.00000000e+00]\n",
      " [ 0.00000000e+00  0.00000000e+00  0.00000000e+00  0.00000000e+00]]\n",
      "single_sum_matrix  [[ 9.71380957e-01  2.43399877e-03  1.94053423e-02  5.79924836e-03]\n",
      " [ 9.33782538e-04 -9.28633322e-01  1.56823867e-01  4.33023154e-02]\n",
      " [ 0.00000000e+00  0.00000000e+00  0.00000000e+00  0.00000000e+00]\n",
      " [ 0.00000000e+00  0.00000000e+00  0.00000000e+00  0.00000000e+00]]\n",
      "single_difference_matrix  [[ 0.97137185  0.00156613 -0.01901267 -0.00585651]\n",
      " [ 0.00465791  0.9270256  -0.13954934 -0.0996942 ]\n",
      " [ 0.          0.          0.          0.        ]\n",
      " [ 0.          0.          0.          0.        ]]\n",
      "single_sum_matrix  [[ 0.97137185  0.00156613 -0.01901267 -0.00585651]\n",
      " [ 0.00465791  0.9270256  -0.13954934 -0.0996942 ]\n",
      " [ 0.          0.          0.          0.        ]\n",
      " [ 0.          0.          0.          0.        ]]\n",
      "single_difference_matrix  [[ 9.71336435e-01 -1.76496684e-02  5.37766558e-04  6.35210492e-04]\n",
      " [ 2.30549202e-03 -1.56401324e-01 -8.98950560e-01 -2.99701577e-01]\n",
      " [ 0.00000000e+00  0.00000000e+00  0.00000000e+00  0.00000000e+00]\n",
      " [ 0.00000000e+00  0.00000000e+00  0.00000000e+00  0.00000000e+00]]\n",
      "single_sum_matrix  [[ 9.71336435e-01 -1.76496684e-02  5.37766558e-04  6.35210492e-04]\n",
      " [ 2.30549202e-03 -1.56401324e-01 -8.98950560e-01 -2.99701577e-01]\n",
      " [ 0.00000000e+00  0.00000000e+00  0.00000000e+00  0.00000000e+00]\n",
      " [ 0.00000000e+00  0.00000000e+00  0.00000000e+00  0.00000000e+00]]\n",
      "single_difference_matrix  [[ 9.71416374e-01  2.16497976e-02 -1.45091956e-04 -6.92476697e-04]\n",
      " [ 3.28620417e-03  1.54793598e-01  9.16225092e-01  2.43309697e-01]\n",
      " [ 0.00000000e+00  0.00000000e+00  0.00000000e+00  0.00000000e+00]\n",
      " [ 0.00000000e+00  0.00000000e+00  0.00000000e+00  0.00000000e+00]]\n",
      "single_sum_matrix  [[ 9.71416374e-01  2.16497976e-02 -1.45091956e-04 -6.92476697e-04]\n",
      " [ 3.28620417e-03  1.54793598e-01  9.16225092e-01  2.43309697e-01]\n",
      " [ 0.00000000e+00  0.00000000e+00  0.00000000e+00  0.00000000e+00]\n",
      " [ 0.00000000e+00  0.00000000e+00  0.00000000e+00  0.00000000e+00]]\n",
      "single_difference_matrix  [[ 9.76887379e-01  2.42062996e-03  1.95523851e-02  5.96134751e-03]\n",
      " [ 9.73790320e-04 -9.70933128e-01  1.52669923e-01  4.57371645e-02]\n",
      " [ 0.00000000e+00  0.00000000e+00  0.00000000e+00  0.00000000e+00]\n",
      " [ 0.00000000e+00  0.00000000e+00  0.00000000e+00  0.00000000e+00]]\n",
      "single_sum_matrix  [[ 9.76887379e-01  2.42062996e-03  1.95523851e-02  5.96134751e-03]\n",
      " [ 9.73790320e-04 -9.70933128e-01  1.52669923e-01  4.57371645e-02]\n",
      " [ 0.00000000e+00  0.00000000e+00  0.00000000e+00  0.00000000e+00]\n",
      " [ 0.00000000e+00  0.00000000e+00  0.00000000e+00  0.00000000e+00]]\n",
      "single_difference_matrix  [[ 0.97687833  0.00145947 -0.01917132 -0.00601699]\n",
      " [ 0.00474679  0.96937007 -0.13587351 -0.10011984]\n",
      " [ 0.          0.          0.          0.        ]\n",
      " [ 0.          0.          0.          0.        ]]\n",
      "single_sum_matrix  [[ 0.97687833  0.00145947 -0.01917132 -0.00601699]\n",
      " [ 0.00474679  0.96937007 -0.13587351 -0.10011984]\n",
      " [ 0.          0.          0.          0.        ]\n",
      " [ 0.          0.          0.          0.        ]]\n",
      "single_difference_matrix  [[ 9.76842798e-01 -1.83967011e-02  4.67380484e-04  6.49093295e-04]\n",
      " [ 2.37257030e-03 -1.61401854e-01 -9.16469344e-01 -3.09277976e-01]\n",
      " [ 0.00000000e+00  0.00000000e+00  0.00000000e+00  0.00000000e+00]\n",
      " [ 0.00000000e+00  0.00000000e+00  0.00000000e+00  0.00000000e+00]]\n",
      "single_sum_matrix  [[ 9.76842798e-01 -1.83967011e-02  4.67380484e-04  6.49093295e-04]\n",
      " [ 2.37257030e-03 -1.61401854e-01 -9.16469344e-01 -3.09277976e-01]\n",
      " [ 0.00000000e+00  0.00000000e+00  0.00000000e+00  0.00000000e+00]\n",
      " [ 0.00000000e+00  0.00000000e+00  0.00000000e+00  0.00000000e+00]]\n",
      "single_difference_matrix  [[ 9.76922906e-01  2.22767976e-02 -8.63166062e-05 -7.04740074e-04]\n",
      " [ 3.34801340e-03  1.59838794e-01  9.33265758e-01  2.54895299e-01]\n",
      " [ 0.00000000e+00  0.00000000e+00  0.00000000e+00  0.00000000e+00]\n",
      " [ 0.00000000e+00  0.00000000e+00  0.00000000e+00  0.00000000e+00]]\n",
      "single_sum_matrix  [[ 9.76922906e-01  2.22767976e-02 -8.63166062e-05 -7.04740074e-04]\n",
      " [ 3.34801340e-03  1.59838794e-01  9.33265758e-01  2.54895299e-01]\n",
      " [ 0.00000000e+00  0.00000000e+00  0.00000000e+00  0.00000000e+00]\n",
      " [ 0.00000000e+00  0.00000000e+00  0.00000000e+00  0.00000000e+00]]\n",
      "single_difference_matrix  [[ 1.00047067e+00  2.38453871e-03  1.93198058e-02  5.74807217e-03]\n",
      " [ 9.48392235e-04 -9.44765559e-01  1.56441307e-01  4.21814295e-02]\n",
      " [ 0.00000000e+00  0.00000000e+00  0.00000000e+00  0.00000000e+00]\n",
      " [ 0.00000000e+00  0.00000000e+00  0.00000000e+00  0.00000000e+00]]\n",
      "single_sum_matrix  [[ 1.00047067e+00  2.38453871e-03  1.93198058e-02  5.74807217e-03]\n",
      " [ 9.48392235e-04 -9.44765559e-01  1.56441307e-01  4.21814295e-02]\n",
      " [ 0.00000000e+00  0.00000000e+00  0.00000000e+00  0.00000000e+00]\n",
      " [ 0.00000000e+00  0.00000000e+00  0.00000000e+00  0.00000000e+00]]\n",
      "single_difference_matrix  [[ 1.00046154  0.00155698 -0.0189326  -0.0058067 ]\n",
      " [ 0.00479435  0.94313083 -0.13888089 -0.10077363]\n",
      " [ 0.          0.          0.          0.        ]\n",
      " [ 0.          0.          0.          0.        ]]\n",
      "single_sum_matrix  [[ 1.00046154  0.00155698 -0.0189326  -0.0058067 ]\n",
      " [ 0.00479435  0.94313083 -0.13888089 -0.10077363]\n",
      " [ 0.          0.          0.          0.        ]\n",
      " [ 0.          0.          0.          0.        ]]\n",
      "single_difference_matrix  [[ 1.00042587e+00 -1.75199671e-02  5.31065698e-04  6.25854052e-04]\n",
      " [ 2.37362954e-03 -1.54687649e-01 -9.17984568e-01 -3.05443812e-01]\n",
      " [ 0.00000000e+00  0.00000000e+00  0.00000000e+00  0.00000000e+00]\n",
      " [ 0.00000000e+00  0.00000000e+00  0.00000000e+00  0.00000000e+00]]\n",
      "single_sum_matrix  [[ 1.00042587e+00 -1.75199671e-02  5.31065698e-04  6.25854052e-04]\n",
      " [ 2.37362954e-03 -1.54687649e-01 -9.17984568e-01 -3.05443812e-01]\n",
      " [ 0.00000000e+00  0.00000000e+00  0.00000000e+00  0.00000000e+00]\n",
      " [ 0.00000000e+00  0.00000000e+00  0.00000000e+00  0.00000000e+00]]\n",
      "single_difference_matrix  [[ 1.00050634e+00  2.14614822e-02 -1.43856157e-04 -6.84483568e-04]\n",
      " [ 3.36910863e-03  1.53052921e-01  9.35544983e-01  2.46851610e-01]\n",
      " [ 0.00000000e+00  0.00000000e+00  0.00000000e+00  0.00000000e+00]\n",
      " [ 0.00000000e+00  0.00000000e+00  0.00000000e+00  0.00000000e+00]]\n",
      "single_sum_matrix  [[ 1.00050634e+00  2.14614822e-02 -1.43856157e-04 -6.84483568e-04]\n",
      " [ 3.36910863e-03  1.53052921e-01  9.35544983e-01  2.46851610e-01]\n",
      " [ 0.00000000e+00  0.00000000e+00  0.00000000e+00  0.00000000e+00]\n",
      " [ 0.00000000e+00  0.00000000e+00  0.00000000e+00  0.00000000e+00]]\n",
      "single_difference_matrix  [[ 9.99630779e-01  2.48752364e-03  1.91310566e-02  5.87081857e-03]\n",
      " [ 9.59326167e-04 -9.54646504e-01  1.49396923e-01  4.35812715e-02]\n",
      " [ 0.00000000e+00  0.00000000e+00  0.00000000e+00  0.00000000e+00]\n",
      " [ 0.00000000e+00  0.00000000e+00  0.00000000e+00  0.00000000e+00]]\n",
      "single_sum_matrix  [[ 9.99630779e-01  2.48752364e-03  1.91310566e-02  5.87081857e-03]\n",
      " [ 9.59326167e-04 -9.54646504e-01  1.49396923e-01  4.35812715e-02]\n",
      " [ 0.00000000e+00  0.00000000e+00  0.00000000e+00  0.00000000e+00]\n",
      " [ 0.00000000e+00  0.00000000e+00  0.00000000e+00  0.00000000e+00]]\n",
      "single_difference_matrix  [[ 0.99962154  0.00146489 -0.01874274 -0.00592831]\n",
      " [ 0.00475983  0.95302896 -0.13201988 -0.10016667]\n",
      " [ 0.          0.          0.          0.        ]\n",
      " [ 0.          0.          0.          0.        ]]\n",
      "single_sum_matrix  [[ 0.99962154  0.00146489 -0.01874274 -0.00592831]\n",
      " [ 0.00475983  0.95302896 -0.13201988 -0.10016667]\n",
      " [ 0.          0.          0.          0.        ]\n",
      " [ 0.          0.          0.          0.        ]]\n",
      "single_difference_matrix  [[ 9.99585535e-01 -1.81577649e-02  4.54474135e-04  6.42043313e-04]\n",
      " [ 2.36465583e-03 -1.61563730e-01 -8.89933326e-01 -3.04251489e-01]\n",
      " [ 0.00000000e+00  0.00000000e+00  0.00000000e+00  0.00000000e+00]\n",
      " [ 0.00000000e+00  0.00000000e+00  0.00000000e+00  0.00000000e+00]]\n",
      "single_sum_matrix  [[ 9.99585535e-01 -1.81577649e-02  4.54474135e-04  6.42043313e-04]\n",
      " [ 2.36465583e-03 -1.61563730e-01 -8.89933326e-01 -3.04251489e-01]\n",
      " [ 0.00000000e+00  0.00000000e+00  0.00000000e+00  0.00000000e+00]\n",
      " [ 0.00000000e+00  0.00000000e+00  0.00000000e+00  0.00000000e+00]]\n",
      "single_difference_matrix  [[ 9.99666784e-01  2.21101797e-02 -6.61569483e-05 -6.99539559e-04]\n",
      " [ 3.35450532e-03  1.59946187e-01  9.07310365e-01  2.47666087e-01]\n",
      " [ 0.00000000e+00  0.00000000e+00  0.00000000e+00  0.00000000e+00]\n",
      " [ 0.00000000e+00  0.00000000e+00  0.00000000e+00  0.00000000e+00]]\n",
      "single_sum_matrix  [[ 9.99666784e-01  2.21101797e-02 -6.61569483e-05 -6.99539559e-04]\n",
      " [ 3.35450532e-03  1.59946187e-01  9.07310365e-01  2.47666087e-01]\n",
      " [ 0.00000000e+00  0.00000000e+00  0.00000000e+00  0.00000000e+00]\n",
      " [ 0.00000000e+00  0.00000000e+00  0.00000000e+00  0.00000000e+00]]\n",
      "single_difference_matrix  [[ 0.98231138  0.00243153  0.01926081  0.00578427]\n",
      " [ 0.00100331 -0.96332961  0.15519622  0.04382426]\n",
      " [ 0.          0.          0.          0.        ]\n",
      " [ 0.          0.          0.          0.        ]]\n",
      "single_sum_matrix  [[ 0.98231138  0.00243153  0.01926081  0.00578427]\n",
      " [ 0.00100331 -0.96332961  0.15519622  0.04382426]\n",
      " [ 0.          0.          0.          0.        ]\n",
      " [ 0.          0.          0.          0.        ]]\n",
      "single_difference_matrix  [[ 0.98230233  0.00142502 -0.01888155 -0.00584128]\n",
      " [ 0.00475013  0.9616929  -0.1376148  -0.10078195]\n",
      " [ 0.          0.          0.          0.        ]\n",
      " [ 0.          0.          0.          0.        ]]\n",
      "single_sum_matrix  [[ 0.98230233  0.00142502 -0.01888155 -0.00584128]\n",
      " [ 0.00475013  0.9616929  -0.1376148  -0.10078195]\n",
      " [ 0.          0.          0.          0.        ]\n",
      " [ 0.          0.          0.          0.        ]]\n",
      "single_difference_matrix  [[ 9.82267165e-01 -1.81986726e-02  4.71218454e-04  6.34026357e-04]\n",
      " [ 2.38303915e-03 -1.65220010e-01 -9.04592383e-01 -3.02853682e-01]\n",
      " [ 0.00000000e+00  0.00000000e+00  0.00000000e+00  0.00000000e+00]\n",
      " [ 0.00000000e+00  0.00000000e+00  0.00000000e+00  0.00000000e+00]]\n",
      "single_sum_matrix  [[ 9.82267165e-01 -1.81986726e-02  4.71218454e-04  6.34026357e-04]\n",
      " [ 2.38303915e-03 -1.65220010e-01 -9.04592383e-01 -3.02853682e-01]\n",
      " [ 0.00000000e+00  0.00000000e+00  0.00000000e+00  0.00000000e+00]\n",
      " [ 0.00000000e+00  0.00000000e+00  0.00000000e+00  0.00000000e+00]]\n",
      "single_difference_matrix  [[ 9.82346543e-01  2.20552194e-02 -9.19493018e-05 -6.91031502e-04]\n",
      " [ 3.37039795e-03  1.63583295e-01  9.22173805e-01  2.45895994e-01]\n",
      " [ 0.00000000e+00  0.00000000e+00  0.00000000e+00  0.00000000e+00]\n",
      " [ 0.00000000e+00  0.00000000e+00  0.00000000e+00  0.00000000e+00]]\n",
      "single_sum_matrix  [[ 9.82346543e-01  2.20552194e-02 -9.19493018e-05 -6.91031502e-04]\n",
      " [ 3.37039795e-03  1.63583295e-01  9.22173805e-01  2.45895994e-01]\n",
      " [ 0.00000000e+00  0.00000000e+00  0.00000000e+00  0.00000000e+00]\n",
      " [ 0.00000000e+00  0.00000000e+00  0.00000000e+00  0.00000000e+00]]\n",
      "single_difference_matrix  [[ 9.77934378e-01  2.45465268e-03  1.89222654e-02  5.87117678e-03]\n",
      " [ 9.90968935e-04 -9.91084768e-01  1.52283667e-01  4.58155884e-02]\n",
      " [ 0.00000000e+00  0.00000000e+00  0.00000000e+00  0.00000000e+00]\n",
      " [ 0.00000000e+00  0.00000000e+00  0.00000000e+00  0.00000000e+00]]\n",
      "single_sum_matrix  [[ 9.77934378e-01  2.45465268e-03  1.89222654e-02  5.87117678e-03]\n",
      " [ 9.90968935e-04 -9.91084768e-01  1.52283667e-01  4.58155884e-02]\n",
      " [ 0.00000000e+00  0.00000000e+00  0.00000000e+00  0.00000000e+00]\n",
      " [ 0.00000000e+00  0.00000000e+00  0.00000000e+00  0.00000000e+00]]\n",
      "single_difference_matrix  [[ 0.97792562  0.00145853 -0.01853764 -0.00592838]\n",
      " [ 0.00478804  0.98943225 -0.13453073 -0.10338092]\n",
      " [ 0.          0.          0.          0.        ]\n",
      " [ 0.          0.          0.          0.        ]]\n",
      "single_sum_matrix  [[ 0.97792562  0.00145853 -0.01853764 -0.00592838]\n",
      " [ 0.00478804  0.98943225 -0.13453073 -0.10338092]\n",
      " [ 0.          0.          0.          0.        ]\n",
      " [ 0.          0.          0.          0.        ]]\n",
      "single_difference_matrix  [[ 9.77891119e-01 -1.80679613e-02  4.20295038e-04  6.36150295e-04]\n",
      " [ 2.39791921e-03 -1.66766971e-01 -9.19038878e-01 -3.16886538e-01]\n",
      " [ 0.00000000e+00  0.00000000e+00  0.00000000e+00  0.00000000e+00]\n",
      " [ 0.00000000e+00  0.00000000e+00  0.00000000e+00  0.00000000e+00]]\n",
      "single_sum_matrix  [[ 9.77891119e-01 -1.80679613e-02  4.20295038e-04  6.36150295e-04]\n",
      " [ 2.39791921e-03 -1.66766971e-01 -9.19038878e-01 -3.16886538e-01]\n",
      " [ 0.00000000e+00  0.00000000e+00  0.00000000e+00  0.00000000e+00]\n",
      " [ 0.00000000e+00  0.00000000e+00  0.00000000e+00  0.00000000e+00]]\n",
      "single_difference_matrix  [[ 9.77968875e-01  2.19811437e-02 -3.56709642e-05 -6.93354240e-04]\n",
      " [ 3.38108800e-03  1.65114448e-01  9.36791814e-01  2.59321210e-01]\n",
      " [ 0.00000000e+00  0.00000000e+00  0.00000000e+00  0.00000000e+00]\n",
      " [ 0.00000000e+00  0.00000000e+00  0.00000000e+00  0.00000000e+00]]\n",
      "single_sum_matrix  [[ 9.77968875e-01  2.19811437e-02 -3.56709642e-05 -6.93354240e-04]\n",
      " [ 3.38108800e-03  1.65114448e-01  9.36791814e-01  2.59321210e-01]\n",
      " [ 0.00000000e+00  0.00000000e+00  0.00000000e+00  0.00000000e+00]\n",
      " [ 0.00000000e+00  0.00000000e+00  0.00000000e+00  0.00000000e+00]]\n",
      "single_difference_matrix  [[ 1.00530830e+00  2.48392436e-03  1.92264291e-02  5.90187017e-03]\n",
      " [ 9.85929639e-04 -9.89079170e-01  1.56933252e-01  4.60922290e-02]\n",
      " [ 0.00000000e+00  0.00000000e+00  0.00000000e+00  0.00000000e+00]\n",
      " [ 0.00000000e+00  0.00000000e+00  0.00000000e+00  0.00000000e+00]]\n",
      "single_sum_matrix  [[ 1.00530830e+00  2.48392436e-03  1.92264291e-02  5.90187017e-03]\n",
      " [ 9.85929639e-04 -9.89079170e-01  1.56933252e-01  4.60922290e-02]\n",
      " [ 0.00000000e+00  0.00000000e+00  0.00000000e+00  0.00000000e+00]\n",
      " [ 0.00000000e+00  0.00000000e+00  0.00000000e+00  0.00000000e+00]]\n",
      "single_difference_matrix  [[ 1.00529924  0.00148009 -0.01883727 -0.00595917]\n",
      " [ 0.00484741  0.98743217 -0.13923985 -0.10430585]\n",
      " [ 0.          0.          0.          0.        ]\n",
      " [ 0.          0.          0.          0.        ]]\n",
      "single_sum_matrix  [[ 1.00529924  0.00148009 -0.01883727 -0.00595917]\n",
      " [ 0.00484741  0.98743217 -0.13923985 -0.10430585]\n",
      " [ 0.          0.          0.          0.        ]\n",
      " [ 0.          0.          0.          0.        ]]\n",
      "single_difference_matrix  [[ 1.00526388e+00 -1.81719466e-02  4.61370212e-04  6.44864711e-04]\n",
      " [ 2.41091499e-03 -1.68438081e-01 -9.25855245e-01 -3.16183106e-01]\n",
      " [ 0.00000000e+00  0.00000000e+00  0.00000000e+00  0.00000000e+00]\n",
      " [ 0.00000000e+00  0.00000000e+00  0.00000000e+00  0.00000000e+00]]\n",
      "single_sum_matrix  [[ 1.00526388e+00 -1.81719466e-02  4.61370212e-04  6.44864711e-04]\n",
      " [ 2.41091499e-03 -1.68438081e-01 -9.25855245e-01 -3.16183106e-01]\n",
      " [ 0.00000000e+00  0.00000000e+00  0.00000000e+00  0.00000000e+00]\n",
      " [ 0.00000000e+00  0.00000000e+00  0.00000000e+00  0.00000000e+00]]\n",
      "single_difference_matrix  [[ 1.00534365e+00  2.21359638e-02 -7.22086178e-05 -7.02164474e-04]\n",
      " [ 3.42242076e-03  1.66791077e-01  9.43548645e-01  2.57969482e-01]\n",
      " [ 0.00000000e+00  0.00000000e+00  0.00000000e+00  0.00000000e+00]\n",
      " [ 0.00000000e+00  0.00000000e+00  0.00000000e+00  0.00000000e+00]]\n",
      "single_sum_matrix  [[ 1.00534365e+00  2.21359638e-02 -7.22086178e-05 -7.02164474e-04]\n",
      " [ 3.42242076e-03  1.66791077e-01  9.43548645e-01  2.57969482e-01]\n",
      " [ 0.00000000e+00  0.00000000e+00  0.00000000e+00  0.00000000e+00]\n",
      " [ 0.00000000e+00  0.00000000e+00  0.00000000e+00  0.00000000e+00]]\n",
      "single_difference_matrix  [[ 9.79957499e-01  2.44695167e-03  1.95045237e-02  5.82722324e-03]\n",
      " [ 9.71465921e-04 -9.34584543e-01  1.54012649e-01  4.26036437e-02]\n",
      " [ 0.00000000e+00  0.00000000e+00  0.00000000e+00  0.00000000e+00]\n",
      " [ 0.00000000e+00  0.00000000e+00  0.00000000e+00  0.00000000e+00]]\n",
      "single_sum_matrix  [[ 9.79957499e-01  2.44695167e-03  1.95045237e-02  5.82722324e-03]\n",
      " [ 9.71465921e-04 -9.34584543e-01  1.54012649e-01  4.26036437e-02]\n",
      " [ 0.00000000e+00  0.00000000e+00  0.00000000e+00  0.00000000e+00]\n",
      " [ 0.00000000e+00  0.00000000e+00  0.00000000e+00  0.00000000e+00]]\n",
      "single_difference_matrix  [[ 0.97994812  0.00149413 -0.01911794 -0.00588366]\n",
      " [ 0.00474414  0.93300317 -0.13701945 -0.09905309]\n",
      " [ 0.          0.          0.          0.        ]\n",
      " [ 0.          0.          0.          0.        ]]\n",
      "single_sum_matrix  [[ 0.97994812  0.00149413 -0.01911794 -0.00588366]\n",
      " [ 0.00474414  0.93300317 -0.13701945 -0.09905309]\n",
      " [ 0.          0.          0.          0.        ]\n",
      " [ 0.          0.          0.          0.        ]]\n",
      "single_difference_matrix  [[ 9.79912051e-01 -1.79450719e-02  5.42164753e-04  6.45199734e-04]\n",
      " [ 2.36475647e-03 -1.56347585e-01 -8.97715426e-01 -2.99206363e-01]\n",
      " [ 0.00000000e+00  0.00000000e+00  0.00000000e+00  0.00000000e+00]\n",
      " [ 0.00000000e+00  0.00000000e+00  0.00000000e+00  0.00000000e+00]]\n",
      "single_sum_matrix  [[ 9.79912051e-01 -1.79450719e-02  5.42164753e-04  6.45199734e-04]\n",
      " [ 2.36475647e-03 -1.56347585e-01 -8.97715426e-01 -2.99206363e-01]\n",
      " [ 0.00000000e+00  0.00000000e+00  0.00000000e+00  0.00000000e+00]\n",
      " [ 0.00000000e+00  0.00000000e+00  0.00000000e+00  0.00000000e+00]]\n",
      "single_difference_matrix  [[ 9.79993572e-01  2.18861506e-02 -1.55582793e-04 -7.01638730e-04]\n",
      " [ 3.35084577e-03  1.54766211e-01  9.14708621e-01  2.42756912e-01]\n",
      " [ 0.00000000e+00  0.00000000e+00  0.00000000e+00  0.00000000e+00]\n",
      " [ 0.00000000e+00  0.00000000e+00  0.00000000e+00  0.00000000e+00]]\n",
      "single_sum_matrix  [[ 9.79993572e-01  2.18861506e-02 -1.55582793e-04 -7.01638730e-04]\n",
      " [ 3.35084577e-03  1.54766211e-01  9.14708621e-01  2.42756912e-01]\n",
      " [ 0.00000000e+00  0.00000000e+00  0.00000000e+00  0.00000000e+00]\n",
      " [ 0.00000000e+00  0.00000000e+00  0.00000000e+00  0.00000000e+00]]\n",
      "single_difference_matrix  [[ 9.91197419e-01  2.41919624e-03  1.92115709e-02  5.85300180e-03]\n",
      " [ 9.74126038e-04 -9.53620263e-01  1.55805363e-01  4.49402479e-02]\n",
      " [ 0.00000000e+00  0.00000000e+00  0.00000000e+00  0.00000000e+00]\n",
      " [ 0.00000000e+00  0.00000000e+00  0.00000000e+00  0.00000000e+00]]\n",
      "single_sum_matrix  [[ 9.91197419e-01  2.41919624e-03  1.92115709e-02  5.85300180e-03]\n",
      " [ 9.74126038e-04 -9.53620263e-01  1.55805363e-01  4.49402479e-02]\n",
      " [ 0.00000000e+00  0.00000000e+00  0.00000000e+00  0.00000000e+00]\n",
      " [ 0.00000000e+00  0.00000000e+00  0.00000000e+00  0.00000000e+00]]\n",
      "single_difference_matrix  [[ 0.99118846  0.00154849 -0.01882184 -0.00590983]\n",
      " [ 0.00476744  0.95198434 -0.13823031 -0.10155993]\n",
      " [ 0.          0.          0.          0.        ]\n",
      " [ 0.          0.          0.          0.        ]]\n",
      "single_sum_matrix  [[ 0.99118846  0.00154849 -0.01882184 -0.00590983]\n",
      " [ 0.00476744  0.95198434 -0.13823031 -0.10155993]\n",
      " [ 0.          0.          0.          0.        ]\n",
      " [ 0.          0.          0.          0.        ]]\n",
      "single_difference_matrix  [[ 9.91153340e-01 -1.76497803e-02  5.01223461e-04  6.36982077e-04]\n",
      " [ 2.37760376e-03 -1.58401230e-01 -9.14877264e-01 -3.10013392e-01]\n",
      " [ 0.00000000e+00  0.00000000e+00  0.00000000e+00  0.00000000e+00]\n",
      " [ 0.00000000e+00  0.00000000e+00  0.00000000e+00  0.00000000e+00]]\n",
      "single_sum_matrix  [[ 9.91153340e-01 -1.76497803e-02  5.01223461e-04  6.36982077e-04]\n",
      " [ 2.37760376e-03 -1.58401230e-01 -9.14877264e-01 -3.10013392e-01]\n",
      " [ 0.00000000e+00  0.00000000e+00  0.00000000e+00  0.00000000e+00]\n",
      " [ 0.00000000e+00  0.00000000e+00  0.00000000e+00  0.00000000e+00]]\n",
      "single_difference_matrix  [[ 9.91232537e-01  2.16174688e-02 -1.11490948e-04 -6.93812443e-04]\n",
      " [ 3.36396176e-03  1.56765311e-01  9.32452315e-01  2.53393708e-01]\n",
      " [ 0.00000000e+00  0.00000000e+00  0.00000000e+00  0.00000000e+00]\n",
      " [ 0.00000000e+00  0.00000000e+00  0.00000000e+00  0.00000000e+00]]\n",
      "single_sum_matrix  [[ 9.91232537e-01  2.16174688e-02 -1.11490948e-04 -6.93812443e-04]\n",
      " [ 3.36396176e-03  1.56765311e-01  9.32452315e-01  2.53393708e-01]\n",
      " [ 0.00000000e+00  0.00000000e+00  0.00000000e+00  0.00000000e+00]\n",
      " [ 0.00000000e+00  0.00000000e+00  0.00000000e+00  0.00000000e+00]]\n",
      "single_difference_matrix  [[ 9.69136108e-01  2.47293147e-03  1.94400286e-02  5.94788098e-03]\n",
      " [ 8.74440146e-04 -9.86355780e-01  1.53691837e-01  4.53511878e-02]\n",
      " [ 0.00000000e+00  0.00000000e+00  0.00000000e+00  0.00000000e+00]\n",
      " [ 0.00000000e+00  0.00000000e+00  0.00000000e+00  0.00000000e+00]]\n",
      "single_sum_matrix  [[ 9.69136108e-01  2.47293147e-03  1.94400286e-02  5.94788098e-03]\n",
      " [ 8.74440146e-04 -9.86355780e-01  1.53691837e-01  4.53511878e-02]\n",
      " [ 0.00000000e+00  0.00000000e+00  0.00000000e+00  0.00000000e+00]\n",
      " [ 0.00000000e+00  0.00000000e+00  0.00000000e+00  0.00000000e+00]]\n",
      "single_difference_matrix  [[ 0.96912702  0.00144584 -0.01905512 -0.00600511]\n",
      " [ 0.00468442  0.98473971 -0.13633124 -0.10244606]\n",
      " [ 0.          0.          0.          0.        ]\n",
      " [ 0.          0.          0.          0.        ]]\n",
      "single_sum_matrix  [[ 0.96912702  0.00144584 -0.01905512 -0.00600511]\n",
      " [ 0.00468442  0.98473971 -0.13633124 -0.10244606]\n",
      " [ 0.          0.          0.          0.        ]\n",
      " [ 0.          0.          0.          0.        ]]\n",
      "single_difference_matrix  [[ 9.69091544e-01 -1.84845182e-02  4.55387673e-04  6.49792317e-04]\n",
      " [ 2.28457593e-03 -1.66166677e-01 -9.20711443e-01 -3.13027998e-01]\n",
      " [ 0.00000000e+00  0.00000000e+00  0.00000000e+00  0.00000000e+00]\n",
      " [ 0.00000000e+00  0.00000000e+00  0.00000000e+00  0.00000000e+00]]\n",
      "single_sum_matrix  [[ 9.69091544e-01 -1.84845182e-02  4.55387673e-04  6.49792317e-04]\n",
      " [ 2.28457593e-03 -1.66166677e-01 -9.20711443e-01 -3.13027998e-01]\n",
      " [ 0.00000000e+00  0.00000000e+00  0.00000000e+00  0.00000000e+00]\n",
      " [ 0.00000000e+00  0.00000000e+00  0.00000000e+00  0.00000000e+00]]\n",
      "single_difference_matrix  [[ 9.69171586e-01  2.24032902e-02 -7.04804341e-05 -7.07025835e-04]\n",
      " [ 3.27428182e-03  1.64550606e-01  9.38072042e-01  2.55933128e-01]\n",
      " [ 0.00000000e+00  0.00000000e+00  0.00000000e+00  0.00000000e+00]\n",
      " [ 0.00000000e+00  0.00000000e+00  0.00000000e+00  0.00000000e+00]]\n",
      "single_sum_matrix  [[ 9.69171586e-01  2.24032902e-02 -7.04804341e-05 -7.07025835e-04]\n",
      " [ 3.27428182e-03  1.64550606e-01  9.38072042e-01  2.55933128e-01]\n",
      " [ 0.00000000e+00  0.00000000e+00  0.00000000e+00  0.00000000e+00]\n",
      " [ 0.00000000e+00  0.00000000e+00  0.00000000e+00  0.00000000e+00]]\n",
      "single_difference_matrix  [[ 9.92098447e-01  2.48838654e-03  1.96662864e-02  5.88617276e-03]\n",
      " [ 9.21004566e-04 -9.57673020e-01  1.56627810e-01  4.40684544e-02]\n",
      " [ 0.00000000e+00  0.00000000e+00  0.00000000e+00  0.00000000e+00]\n",
      " [ 0.00000000e+00  0.00000000e+00  0.00000000e+00  0.00000000e+00]]\n",
      "single_sum_matrix  [[ 9.92098447e-01  2.48838654e-03  1.96662864e-02  5.88617276e-03]\n",
      " [ 9.21004566e-04 -9.57673020e-01  1.56627810e-01  4.40684544e-02]\n",
      " [ 0.00000000e+00  0.00000000e+00  0.00000000e+00  0.00000000e+00]\n",
      " [ 0.00000000e+00  0.00000000e+00  0.00000000e+00  0.00000000e+00]]\n",
      "single_difference_matrix  [[ 0.99208916  0.00148943 -0.01927624 -0.00594179]\n",
      " [ 0.00468735  0.95606208 -0.13932186 -0.10065596]\n",
      " [ 0.          0.          0.          0.        ]\n",
      " [ 0.          0.          0.          0.        ]]\n",
      "single_sum_matrix  [[ 0.99208916  0.00148943 -0.01927624 -0.00594179]\n",
      " [ 0.00468735  0.95606208 -0.13932186 -0.10065596]\n",
      " [ 0.          0.          0.          0.        ]\n",
      " [ 0.          0.          0.          0.        ]]\n",
      "single_difference_matrix  [[ 9.92053545e-01 -1.82036228e-02  5.42064776e-04  6.54160936e-04]\n",
      " [ 2.31156819e-03 -1.60899256e-01 -9.14944397e-01 -3.04923774e-01]\n",
      " [ 0.00000000e+00  0.00000000e+00  0.00000000e+00  0.00000000e+00]\n",
      " [ 0.00000000e+00  0.00000000e+00  0.00000000e+00  0.00000000e+00]]\n",
      "single_sum_matrix  [[ 9.92053545e-01 -1.82036228e-02  5.42064776e-04  6.54160936e-04]\n",
      " [ 2.31156819e-03 -1.60899256e-01 -9.14944397e-01 -3.04923774e-01]\n",
      " [ 0.00000000e+00  0.00000000e+00  0.00000000e+00  0.00000000e+00]\n",
      " [ 0.00000000e+00  0.00000000e+00  0.00000000e+00  0.00000000e+00]]\n",
      "single_difference_matrix  [[ 9.92134064e-01  2.21814441e-02 -1.52019085e-04 -7.09778321e-04]\n",
      " [ 3.29678701e-03  1.59288312e-01  9.32250349e-01  2.48336274e-01]\n",
      " [ 0.00000000e+00  0.00000000e+00  0.00000000e+00  0.00000000e+00]\n",
      " [ 0.00000000e+00  0.00000000e+00  0.00000000e+00  0.00000000e+00]]\n",
      "single_sum_matrix  [[ 9.92134064e-01  2.21814441e-02 -1.52019085e-04 -7.09778321e-04]\n",
      " [ 3.29678701e-03  1.59288312e-01  9.32250349e-01  2.48336274e-01]\n",
      " [ 0.00000000e+00  0.00000000e+00  0.00000000e+00  0.00000000e+00]\n",
      " [ 0.00000000e+00  0.00000000e+00  0.00000000e+00  0.00000000e+00]]\n",
      "single_difference_matrix  [[ 9.97313722e-01  2.46043416e-03  1.96911179e-02  5.90357047e-03]\n",
      " [ 9.60927122e-04 -9.54136374e-01  1.56508994e-01  4.38516413e-02]\n",
      " [ 0.00000000e+00  0.00000000e+00  0.00000000e+00  0.00000000e+00]\n",
      " [ 0.00000000e+00  0.00000000e+00  0.00000000e+00  0.00000000e+00]]\n",
      "single_sum_matrix  [[ 9.97313722e-01  2.46043416e-03  1.96911179e-02  5.90357047e-03]\n",
      " [ 9.60927122e-04 -9.54136374e-01  1.56508994e-01  4.38516413e-02]\n",
      " [ 0.00000000e+00  0.00000000e+00  0.00000000e+00  0.00000000e+00]\n",
      " [ 0.00000000e+00  0.00000000e+00  0.00000000e+00  0.00000000e+00]]\n",
      "single_difference_matrix  [[ 0.99730455  0.00149396 -0.01930278 -0.00596078]\n",
      " [ 0.00469168  0.95251477 -0.13908968 -0.10080542]\n",
      " [ 0.          0.          0.          0.        ]\n",
      " [ 0.          0.          0.          0.        ]]\n",
      "single_sum_matrix  [[ 0.99730455  0.00149396 -0.01930278 -0.00596078]\n",
      " [ 0.00469168  0.95251477 -0.13908968 -0.10080542]\n",
      " [ 0.          0.          0.          0.        ]\n",
      " [ 0.          0.          0.          0.        ]]\n",
      "single_difference_matrix  [[ 9.97269058e-01 -1.82373823e-02  5.26351282e-04  6.50603426e-04]\n",
      " [ 2.33767867e-03 -1.60620094e-01 -9.11679355e-01 -3.04599554e-01]\n",
      " [ 0.00000000e+00  0.00000000e+00  0.00000000e+00  0.00000000e+00]\n",
      " [ 0.00000000e+00  0.00000000e+00  0.00000000e+00  0.00000000e+00]]\n",
      "single_sum_matrix  [[ 9.97269058e-01 -1.82373823e-02  5.26351282e-04  6.50603426e-04]\n",
      " [ 2.33767867e-03 -1.60620094e-01 -9.11679355e-01 -3.04599554e-01]\n",
      " [ 0.00000000e+00  0.00000000e+00  0.00000000e+00  0.00000000e+00]\n",
      " [ 0.00000000e+00  0.00000000e+00  0.00000000e+00  0.00000000e+00]]\n",
      "single_difference_matrix  [[ 9.97349209e-01  2.21917724e-02 -1.38009162e-04 -7.07814147e-04]\n",
      " [ 3.31492379e-03  1.58998487e-01  9.29098667e-01  2.47645779e-01]\n",
      " [ 0.00000000e+00  0.00000000e+00  0.00000000e+00  0.00000000e+00]\n",
      " [ 0.00000000e+00  0.00000000e+00  0.00000000e+00  0.00000000e+00]]\n",
      "single_sum_matrix  [[ 9.97349209e-01  2.21917724e-02 -1.38009162e-04 -7.07814147e-04]\n",
      " [ 3.31492379e-03  1.58998487e-01  9.29098667e-01  2.47645779e-01]\n",
      " [ 0.00000000e+00  0.00000000e+00  0.00000000e+00  0.00000000e+00]\n",
      " [ 0.00000000e+00  0.00000000e+00  0.00000000e+00  0.00000000e+00]]\n",
      "single_difference_matrix  [[ 9.68848784e-01  2.36849512e-03  1.97322727e-02  5.87254704e-03]\n",
      " [ 9.17256323e-04 -9.55998664e-01  1.57807329e-01  4.35051858e-02]\n",
      " [ 0.00000000e+00  0.00000000e+00  0.00000000e+00  0.00000000e+00]\n",
      " [ 0.00000000e+00  0.00000000e+00  0.00000000e+00  0.00000000e+00]]\n",
      "single_sum_matrix  [[ 9.68848784e-01  2.36849512e-03  1.97322727e-02  5.87254704e-03]\n",
      " [ 9.17256323e-04 -9.55998664e-01  1.57807329e-01  4.35051858e-02]\n",
      " [ 0.00000000e+00  0.00000000e+00  0.00000000e+00  0.00000000e+00]\n",
      " [ 0.00000000e+00  0.00000000e+00  0.00000000e+00  0.00000000e+00]]\n",
      "single_difference_matrix  [[ 0.96883965  0.00151211 -0.01935079 -0.00593121]\n",
      " [ 0.0047231   0.9543971  -0.14060091 -0.10100249]\n",
      " [ 0.          0.          0.          0.        ]\n",
      " [ 0.          0.          0.          0.        ]]\n",
      "single_sum_matrix  [[ 0.96883965  0.00151211 -0.01935079 -0.00593121]\n",
      " [ 0.0047231   0.9543971  -0.14060091 -0.10100249]\n",
      " [ 0.          0.          0.          0.        ]\n",
      " [ 0.          0.          0.          0.        ]]\n",
      "single_difference_matrix  [[ 9.68803828e-01 -1.80665543e-02  5.21633548e-04  6.38401342e-04]\n",
      " [ 2.32574193e-03 -1.57840073e-01 -9.24974329e-01 -3.06830311e-01]\n",
      " [ 0.00000000e+00  0.00000000e+00  0.00000000e+00  0.00000000e+00]\n",
      " [ 0.00000000e+00  0.00000000e+00  0.00000000e+00  0.00000000e+00]]\n",
      "single_sum_matrix  [[ 9.68803828e-01 -1.80665543e-02  5.21633548e-04  6.38401342e-04]\n",
      " [ 2.32574193e-03 -1.57840073e-01 -9.24974329e-01 -3.06830311e-01]\n",
      " [ 0.00000000e+00  0.00000000e+00  0.00000000e+00  0.00000000e+00]\n",
      " [ 0.00000000e+00  0.00000000e+00  0.00000000e+00  0.00000000e+00]]\n",
      "single_difference_matrix  [[ 9.68884601e-01  2.19471626e-02 -1.40149737e-04 -6.97065275e-04]\n",
      " [ 3.31461202e-03  1.56238513e-01  9.42180751e-01  2.49333009e-01]\n",
      " [ 0.00000000e+00  0.00000000e+00  0.00000000e+00  0.00000000e+00]\n",
      " [ 0.00000000e+00  0.00000000e+00  0.00000000e+00  0.00000000e+00]]\n",
      "single_sum_matrix  [[ 9.68884601e-01  2.19471626e-02 -1.40149737e-04 -6.97065275e-04]\n",
      " [ 3.31461202e-03  1.56238513e-01  9.42180751e-01  2.49333009e-01]\n",
      " [ 0.00000000e+00  0.00000000e+00  0.00000000e+00  0.00000000e+00]\n",
      " [ 0.00000000e+00  0.00000000e+00  0.00000000e+00  0.00000000e+00]]\n",
      "single_difference_matrix  [[ 1.00010654e+00  2.40954671e-03  1.91512686e-02  5.76262973e-03]\n",
      " [ 9.81861060e-04 -9.78123579e-01  1.59724633e-01  4.49471186e-02]\n",
      " [ 0.00000000e+00  0.00000000e+00  0.00000000e+00  0.00000000e+00]\n",
      " [ 0.00000000e+00  0.00000000e+00  0.00000000e+00  0.00000000e+00]]\n",
      "single_sum_matrix  [[ 1.00010654e+00  2.40954671e-03  1.91512686e-02  5.76262973e-03]\n",
      " [ 9.81861060e-04 -9.78123579e-01  1.59724633e-01  4.49471186e-02]\n",
      " [ 0.00000000e+00  0.00000000e+00  0.00000000e+00  0.00000000e+00]\n",
      " [ 0.00000000e+00  0.00000000e+00  0.00000000e+00  0.00000000e+00]]\n",
      "single_difference_matrix  [[ 1.00009782  0.001556   -0.01876165 -0.0058205 ]\n",
      " [ 0.00478968  0.97645437 -0.141795   -0.1034651 ]\n",
      " [ 0.          0.          0.          0.        ]\n",
      " [ 0.          0.          0.          0.        ]]\n",
      "single_sum_matrix  [[ 1.00009782  0.001556   -0.01876165 -0.0058205 ]\n",
      " [ 0.00478968  0.97645437 -0.141795   -0.1034651 ]\n",
      " [ 0.          0.          0.          0.        ]\n",
      " [ 0.          0.          0.          0.        ]]\n",
      "single_difference_matrix  [[ 1.00006347e+00 -1.76259938e-02  4.85586381e-04  6.22873405e-04]\n",
      " [ 2.38981933e-03 -1.63081254e-01 -9.36688667e-01 -3.14128812e-01]\n",
      " [ 0.00000000e+00  0.00000000e+00  0.00000000e+00  0.00000000e+00]\n",
      " [ 0.00000000e+00  0.00000000e+00  0.00000000e+00  0.00000000e+00]]\n",
      "single_sum_matrix  [[ 1.00006347e+00 -1.76259938e-02  4.85586381e-04  6.22873405e-04]\n",
      " [ 2.38981933e-03 -1.63081254e-01 -9.36688667e-01 -3.14128812e-01]\n",
      " [ 0.00000000e+00  0.00000000e+00  0.00000000e+00  0.00000000e+00]\n",
      " [ 0.00000000e+00  0.00000000e+00  0.00000000e+00  0.00000000e+00]]\n",
      "single_difference_matrix  [[ 1.00014089e+00  2.15915421e-02 -9.59641909e-05 -6.80739628e-04]\n",
      " [ 3.38172349e-03  1.61412046e-01  9.54618300e-01  2.55610831e-01]\n",
      " [ 0.00000000e+00  0.00000000e+00  0.00000000e+00  0.00000000e+00]\n",
      " [ 0.00000000e+00  0.00000000e+00  0.00000000e+00  0.00000000e+00]]\n",
      "single_sum_matrix  [[ 1.00014089e+00  2.15915421e-02 -9.59641909e-05 -6.80739628e-04]\n",
      " [ 3.38172349e-03  1.61412046e-01  9.54618300e-01  2.55610831e-01]\n",
      " [ 0.00000000e+00  0.00000000e+00  0.00000000e+00  0.00000000e+00]\n",
      " [ 0.00000000e+00  0.00000000e+00  0.00000000e+00  0.00000000e+00]]\n",
      "single_difference_matrix  [[ 9.91034828e-01  2.43455677e-03  1.96893824e-02  6.11106497e-03]\n",
      " [ 9.21916584e-04 -9.57917164e-01  1.54324764e-01  4.61607869e-02]\n",
      " [ 0.00000000e+00  0.00000000e+00  0.00000000e+00  0.00000000e+00]\n",
      " [ 0.00000000e+00  0.00000000e+00  0.00000000e+00  0.00000000e+00]]\n",
      "single_sum_matrix  [[ 9.91034828e-01  2.43455677e-03  1.96893824e-02  6.11106497e-03]\n",
      " [ 9.21916584e-04 -9.57917164e-01  1.54324764e-01  4.61607869e-02]\n",
      " [ 0.00000000e+00  0.00000000e+00  0.00000000e+00  0.00000000e+00]\n",
      " [ 0.00000000e+00  0.00000000e+00  0.00000000e+00  0.00000000e+00]]\n",
      "single_difference_matrix  [[ 0.99102559  0.00149098 -0.01930328 -0.0061687 ]\n",
      " [ 0.00471209  0.95628674 -0.13681195 -0.10237283]\n",
      " [ 0.          0.          0.          0.        ]\n",
      " [ 0.          0.          0.          0.        ]]\n",
      "single_sum_matrix  [[ 0.99102559  0.00149098 -0.01930328 -0.0061687 ]\n",
      " [ 0.00471209  0.95628674 -0.13681195 -0.10237283]\n",
      " [ 0.          0.          0.          0.        ]\n",
      " [ 0.          0.          0.          0.        ]]\n",
      "single_difference_matrix  [[ 9.90989509e-01 -1.83279211e-02  4.98458123e-04  6.67956702e-04]\n",
      " [ 2.32470919e-03 -1.59599808e-01 -9.11870833e-01 -3.13995560e-01]\n",
